129150753
131382669
129532769
130705606
129151851
129147127
129532847
129533232
129151366
129532431
129217127
129179080
129557515
130160517
129181430
129175891
129175253
129175558
129175360
129175789
129208822
129553419
129112111
129109101
129113450
129723521
129112463
129108168
126845274
129108557
129107636
129109176
129109590
129136551
129506444
129132173
129132380
129132150
129137174
129131832
129132882
129133904
129134019
129505443
131210000
129151677
128884245
129144339
129496171
129969362
129969202
129144529
129532331
129135793
129552733
129181598
129152444
129176644
131009961
129177311
129144529
131700489
131720806
129174445
129178359
129110587
129552733
129565552
129564450
129565728
129915141
129107977
131614215
129562720
129107084
129500016
129505971
129134467
129133703
128882295
129133223
130614446
129136056
129135793
145502332
141795915
142619738
143179714
144080429
142618845
142617346
143501933
143180632
143381986
143446891
143432270
143163429
143435029
144275907
142606997
143180040
142606269
145869229
145692876
142620265
143182247
141844038
142605956
142740755
142740373
165069525
165070843
165073564
165070872
165071206
165072075
165074407
165072757
165073712
165196926
165366313
165085276
165199497
165084615
165673060
165085405
165086014
165083987
165085614
165084997
165094114
165366815
165093879
165216123
165094130
165208194
165214166
166203032
165095405
165228315
165053093
165047844
165230892
165230549
165048232
165228217
165050854
165048124
165048838
144254416
144267759
144268978
144254018
145261500
144268124
145261408
144267679
144253714
145242632
144268279
144253835
144268901
144268475
144255145
145242866
144261372
144254606
144267259
164667265
165216252
164674848
165597006
164702572
210203780
212654478
209520961
210521184
209393657
209449947
209427643
209463290
209466901
209462986
208918047
209453746
209392563
209431990
209392686
209392926
209465937
209397342
208963537
212769760
209394160
209449922
209424892
208966547
210224485
209425452
209451652
208949481
210799305
209464637
210475569
209448331
209464024
210203625
209453883
210209493
208948112
209427136
210545250
210270265
210543223
210274428
210561152
210546104
210533073
210551034
208431667
210272031
210231409
210564768
210270408
213082768
210560736
210270414
210529326
210531801
210560441
210529410
210544814
210275724
210531356
210531527
210207543
210549995
212113712
210230491
210210873
212119350
210551510
211789615
209376529
211022187
211028901
211023152
210506668
210505586
210195646
211947416
210505904
210198043
210504816
211022471
212049312
212046035
212046067
212048123
212046387
212048465
212055319
212047693
212066984
212063189
212062186
212064038
211872315
211872439
212068226
212064371
212064518
212569382
212087668
212568712
212086035
212568185
212086261
212122582
212123716
212582972
212585806
212121956
212748264
215223802
215453878
215218088
215217940
215454940
215453615
215216889
215220680
215218459
215457652
215466659
215791299
215466926
215469946
215260697
215466104
215468136
215465910
215468847
215465200
215466394
219283149
215171897
218633044
215166252
215170784
215908750
218636262
215479903
215171414
215479207
215167214
215168798
215168918
215511693
215513522
215511294
215510929
215212824
215212013
215215089
215211155
215512701
215466394
215510573
213801555
213802560
213801964
213801064
213801338
213802022
213801082
213801132
213254704
213801285
213808713
213639656
213808655
213808709
213808905
213639918
213639545
213809012
213809105
215916073
213124175
214026300
213229165
213223641
213225568
214943557
213865726
213867156
213009936
213866206
213229470
213855492
213854902
213213910
214107029
212995824
213213851
213856322
213214442
213215093
213855875
213212934
213257497
213497977
213255457
213256032
213691584
213689745
213690592
213257375
213690593
213256316
213264335
213635263
213263195
213635651
213266148
213266628
213265372
213263614
213268412
213261417
213636381
213637026
213213786
215828354
213212821
213217064
212988310
213213330
213216839
213215827
216524029
213215629
213214439
213865007
216032062
213864987
213227292
213864764
213223998
213228009
213225226
213003292
213864894
185588421
183527987
184542509
186054262
184012808
183746615
183501411
183568869
185856569
183526864
184481993
183830596
184326510
183486903
183526146
185092101
183317539
183526193
183556719
183568881
185060045
183484560
183568748
185577679
183640395
183484569
183993269
183493097
183569358
183555637
185348974
184535028
183569152
183485661
185622433
185033345
184540208
183319452
184477898
183575766
185105836
183503321
216044242
218168859
215798662
216061437
216061381
218372757
216097803
215754730
215752728
218184771
219798860
216016892
216098444
216019783
215739233
216097215
220525125
215739598
218164279
216062843
216064894
216049586
216063814
215739268
216047817
216047108
216047787
218954749
215880282
216018957
216094292
216021570
216047241
216050183
216103839
219659293
218182764
216096385
216019700
216018959
218184096
210193236
210997416
211278289
210487350
210996712
210478812
210478520
210189023
210477642
212627980
210542830
210541332
210544376
210546161
210548704
210542187
210541102
210544292
210947890
210541569
218171960
218170610
218171351
218171018
218171483
218172335
220243615
218172949
218171128
218171700
218183736
218191920
218191416
218191352
218191857
218191766
218191738
218191088
218192272
218195365
219950563
214328497
219046349
218378379
218377291
218377717
218377658
218377471
218377602
215504396
218377900
218377419
218376517
218378396
218090387
214923362
218090350
218091402
218091745
218089798
218090039
214492452
216021451
214931729
218390724
218090974
183007824
183093660
183093675
182594691
182686934
183021388
183021216
183021117
182647869
184535838
182649745
182686529
183021259
182597038
183008289
183107163
183093676
183021111
183065692
183007674
182651885
183093633
183107160
184041500
186087089
183116880
184079338
184448055
183093655
183021211
182647899
183021228
183093639
183021149
183093653
183009696
183093643
183065646
181922492
182686181
183835551
183007088
183021196
183021175
183007123
183093719
182647882
183107195
183007618
183107171
183107182
183482073
183021113
183007262
183093651
182648156
183065640
182196521
182188379
182376301
